1000 
Random Initializations
[ -1.60209312   2.23974988   8.61683763  13.07169772]
[ 3.50227263  3.41520787  4.31405052  5.32268048]
[ 0.05818106  0.40637785  0.41644219  0.11899889]

Answer
[  0.29909605   3.71423819   8.11430576  12.3483839 ]
[ 2.04215437  1.61974816  4.4306432   1.78968561]
[ 0.26280879  0.19305723  0.36700674  0.17712723]

1000
Random Initializations
[ 10.53815791   2.6712733    6.17220765   2.00636021]
[ 4.53842655  8.84666317  1.84500144  4.92784896]
[ 0.42155611  0.18602831  0.05622417  0.33619141]

Answer
[ 12.29128034   3.74640058   8.12719619   0.26886063]
[ 1.84897668  1.79099624  3.82432581  2.00848572]
[ 0.18889669  0.21137011  0.34180288  0.25793033]